-15.374	3.937
-14.558	2.905
-14.763	2.679
-14.457	4.477
-14.049	3.784
-13.239	2.572
-14.070	3.783
-13.244	2.228
-14.428	1.734
-13.445	2.254
-13.876	1.314
-13.675	0.400
-13.881	-0.793
-12.512	-2.153
-13.927	-1.230
-12.926	2.564
-13.309	3.166
-13.170	0.706
-13.210	5.370
-15.034	1.972
-14.050	2.146
-14.482	3.915
-14.392	4.158
-15.512	3.069
-14.751	2.840
-16.288	1.975
-17.721	2.074
-14.793	3.365
-16.223	2.842
-16.955	0.979
-16.029	1.939
-15.320	1.584
-14.625	2.336
-15.224	4.185
-15.753	0.131
-16.226	1.548
-14.743	0.848
-13.950	1.831
-14.251	-1.431
-14.025	0.913
-16.096	1.011
-12.780	2.831
-12.284	1.972
-14.420	1.705
-13.943	2.923
-12.689	1.673
-14.359	1.196
-13.303	0.740
-13.492	4.381
-12.295	2.661
-13.355	3.347
-13.387	2.740
-12.459	1.051
-12.436	2.376
-13.809	4.001
-13.067	2.703
-12.075	3.294
-12.664	3.573
-12.014	2.911
-12.554	3.263
-12.273	1.720
-11.982	2.968
-14.022	4.376
-14.361	3.581
-15.003	4.057
-13.783	2.559
-14.007	3.752
-14.113	2.988
-15.058	2.565
-16.744	3.516
-15.625	4.142
-16.408	4.042
-14.512	3.828
-13.884	4.398
-13.277	2.801
-14.435	3.181
-15.185	3.007
-14.969	2.931
-14.301	2.636
-14.447	2.906
-13.273	1.534
-15.643	2.834
-15.250	2.568
-14.598	4.659
-15.146	3.484
-14.332	4.037
-15.512	3.005
-14.115	4.022
-15.984	3.666
-14.283	4.472
-15.605	4.365
-15.300	3.473
-17.969	3.416
-16.102	3.759
-16.077	3.444
-15.642	4.055
-15.843	2.360
-16.097	3.322
-15.458	3.979
-15.880	3.728
-15.029	3.358
-16.801	3.097
-16.976	2.467
-16.555	2.174
-16.130	1.750
-16.069	1.610
-17.099	2.402
-15.223	2.182
-17.378	0.292
-16.218	1.752
-15.736	0.560
-15.073	-0.020
-17.859	1.340
-16.396	2.651
-15.371	0.393
-16.592	3.602
-16.224	-0.611
-16.813	-1.151
-16.631	-2.110
-17.173	-1.919
-17.406	0.567
-19.559	-3.410
-16.047	-2.038
-17.296	-0.321
-16.609	-1.022
-18.420	-0.731
-18.142	-1.197
-17.449	-0.922
-16.300	-1.808
-16.155	-2.292
-17.434	-0.852
-15.765	-1.891
-18.249	-1.444
-18.928	-1.171
-16.165	-1.356
-16.805	-1.517
-17.302	-1.681
-14.505	-1.237
-13.413	-0.383
-18.272	-3.984
-15.418	-4.006
-19.311	-2.168
-15.182	-2.367
-16.108	-1.129
-17.653	-2.759
-19.347	-2.194
-15.684	-2.026
-16.899	-4.046
-13.914	-3.810
-14.996	-6.377
-12.947	-3.565
-15.144	-2.947
-13.975	-4.823
-12.550	-3.873
-10.291	-3.701
-11.725	-4.860
-11.945	-2.140
-13.433	-1.665
-10.314	-3.865
-11.893	-3.691
-8.773	-4.294
-8.882	-5.340
-8.684	-6.566
-11.271	-8.099
-13.211	-7.989
-12.398	-6.819
-13.172	-5.304
-12.366	-6.024
-15.852	-4.288
-16.907	-4.846
-13.279	-6.084
-14.669	-1.844
-19.171	-0.079
-18.666	-0.655
-17.736	-1.704
-18.751	-2.073
-17.575	-0.847
-16.317	-2.242
-17.237	0.718
-18.577	0.624
-16.690	-0.894
-17.691	-0.304
-18.383	-0.454
-18.106	-1.155
-17.354	-0.821
-18.895	-2.172
-19.170	-0.567
-19.261	-1.470
-18.186	0.219
-18.030	-0.829
-18.616	-1.874
-17.427	-6.588
-16.517	-4.921
-15.246	-5.536
-15.766	-4.030
-15.604	-3.708
-16.252	-3.416
-16.805	-5.605
-15.315	-4.831
-12.597	-4.024
-12.921	-7.397
-14.364	-5.749
-15.488	-6.188
-14.558	-3.556
-15.052	-3.701
-13.171	-4.463
-14.000	-4.723
-11.646	-3.352
-14.547	-2.810
-15.047	-4.256
-12.788	-2.157
-13.411	-1.691
-11.536	-2.723
-13.771	-4.373
-14.956	-2.187
-13.474	-3.563
-13.537	-4.178
-13.677	-4.406
-13.052	-4.973
-16.203	-4.214
-14.030	-5.509
-15.557	-3.571
-15.309	-3.449
-13.018	-3.567
-13.049	-4.087
-14.955	-3.005
-14.623	-3.232
-13.136	-4.195
-14.329	-3.034
-15.033	-3.186
-12.533	-3.680
-12.102	-3.710
-12.906	-4.391
-13.633	-3.293
-12.738	-4.983
-11.286	-4.101
-13.119	-4.709
-15.112	-3.751
-14.548	-4.743
-14.093	-4.900
-13.397	-3.100
-15.743	-4.258
-14.006	-3.958
-18.117	-4.681
-16.731	-5.195
-17.540	-4.259
-16.087	-5.307
-16.436	-6.706
-17.221	-4.722
-17.050	-4.666
-15.865	-4.310
-15.825	-4.717
-15.780	-5.248
-14.032	-4.152
-14.626	-4.549
-16.228	-5.197
-15.745	-4.448
-14.540	-3.750
-13.976	-3.918
-15.752	-3.968
-15.431	-5.666
-14.913	-3.781
-15.548	-4.307
-16.555	-4.387
-15.171	-4.057
-16.250	-4.156
-17.015	-5.559
-16.147	-6.210
-15.383	-4.686
-14.846	-4.250
-14.309	-5.689
-13.094	-4.755
-12.400	-4.706
-14.566	-4.476
-14.447	-4.379
-12.619	-7.220
-16.320	-5.781
-14.926	-4.439
-12.904	-5.018
-13.936	-3.321
-12.568	-5.280
-13.248	-5.637
-13.030	-6.129
-12.905	-2.984
-10.893	-4.390
-10.030	-3.685
-11.269	-5.605
-11.545	-5.449
-10.348	-3.680
-11.272	-4.080
-10.951	-3.607
-13.440	-4.513
-12.681	-3.993
-12.364	-3.272
-12.813	-3.019
-13.318	-3.598
-11.115	-3.199
-12.169	-3.878
-11.616	-5.182
-13.512	-4.722
-13.729	-4.143
-12.394	-3.803
-12.758	-5.310
-13.697	-4.903
-11.678	-2.779
-13.840	-2.898
-14.575	-2.092
-14.713	-1.545
-13.522	-2.819
-14.727	-2.495
-14.557	-2.646
-13.572	-2.635
-13.853	-4.770
-14.109	-4.711
-15.003	-2.297
-14.472	-1.555
-13.526	-3.911
-13.369	-4.843
-13.484	-2.852
-14.083	-3.014
-16.419	-2.836
-15.808	-3.408
-14.765	-2.875
-14.989	-2.781
-16.270	-2.699
-16.028	-3.802
-14.524	-3.244
-14.652	-0.798
-14.400	0.164
-13.158	-0.363
-12.145	-1.109
-13.150	-2.156
-11.357	-0.666
-13.993	-5.143
-11.870	-1.501
-11.102	-3.565
-12.509	-1.492
-13.489	-5.160
-16.321	-4.761
-13.838	-5.139
-15.027	-5.106
-14.119	-7.332
-14.610	-6.428
-13.443	-5.496
-14.202	-3.584
-12.299	-4.739
-11.972	-5.383
-11.375	-3.896
-13.567	-4.917
-12.121	-5.852
-12.034	-4.669
-14.205	-3.341
-12.574	-4.360
-13.818	-5.606
-14.568	-4.754
-15.083	-5.750
-13.077	-3.726
-13.064	-3.856
-14.674	-3.345
-12.654	-4.736
-14.541	-2.787
-14.548	-5.256
-11.776	-6.051
-13.329	-4.071
-12.603	-5.136
-13.841	-4.478
-14.241	-6.481
-15.652	-6.826
-14.034	-5.477
-14.938	-4.389
-14.851	-4.589
-14.160	-4.838
-13.741	-4.004
-12.489	-3.442
-15.142	-2.526
-11.653	-4.497
-14.663	-6.020
-14.719	-4.808
-12.263	-5.586
-14.570	-4.433
-13.633	-6.545
-14.104	-6.514
-15.702	-6.065
-15.411	-3.373
-14.419	-6.551
-16.804	-3.810
-14.940	-3.240
-14.787	-3.425
-14.964	-3.576
-12.637	-5.110
-11.661	-4.752
-11.288	-5.343
-11.327	-5.282
-12.680	-4.442
-11.305	-5.323
-11.844	-4.762
-12.388	-4.398
-13.498	-4.175
-11.951	-3.622
-15.714	-5.203
-15.576	-6.952
-11.604	-5.239
-14.540	-3.862
-14.607	-5.090
-14.461	-6.272
-16.090	-6.252
-15.347	-7.252
-15.847	-6.106
-17.613	-5.737
-15.521	-2.538
-14.427	-3.331
-15.487	-4.843
-14.233	-4.427
-15.552	-4.219
-13.918	-4.231
-15.398	-3.610
-15.101	-2.461
-14.355	-4.674
-15.353	-2.388
-14.379	-3.376
-14.728	-0.534
-12.593	-2.909
-15.818	-2.826
-14.930	-3.918
-17.593	-4.037
-17.628	-5.628
-17.950	-3.561
-16.615	-4.660
-16.440	-4.833
-15.209	-3.650
-14.533	-4.378
-15.672	-4.049
-15.678	-2.261
-14.281	-6.058
-13.246	-7.085
-15.416	-5.747
-15.742	-6.749
-15.866	-6.380
-15.461	-6.217
-17.187	-3.605
-16.260	-4.805
-14.044	-6.012
-14.470	-2.759
-14.719	-2.571
-12.669	-2.353
-12.661	-3.406
-14.971	-2.551
-13.770	-4.624
-14.782	-3.857
-14.354	-5.289
-13.936	-4.729
-16.758	-5.524
-15.234	-5.589
-16.156	-1.778
-16.092	-3.016
-14.338	-5.651
-14.370	-4.714
-15.482	-4.971
-15.993	-4.969
-15.396	-5.399
-16.821	-4.339
-15.683	-3.264
-16.056	-2.444
-16.221	-3.950
-14.064	-4.685
-15.569	-3.044
-13.780	-3.191
-14.836	-5.330
-15.840	-5.166
-15.526	-4.255
-14.628	-5.710
-13.981	-7.226
-15.902	-6.785
-14.488	-5.941
-14.845	-6.223
-13.114	-6.722
-14.997	-7.388
-12.896	-6.520
-14.447	-7.000
-14.710	-7.030
-17.173	-5.276
-14.586	-6.152
-14.551	-5.442
-15.696	-5.592
-16.078	-4.571
-13.417	-6.722
-16.156	-8.531
-16.075	-5.335
-15.512	-5.542
-16.619	-6.414
-17.396	-4.044
-17.042	-5.054
-16.292	-7.706
-16.629	-7.004
-15.396	-6.656
-11.654	-6.972
-12.006	-6.317
-13.239	-7.508
-14.401	-6.248
-14.037	-7.048
-15.833	-8.423
-15.473	-5.939
-15.639	-7.053
-16.809	-7.043
-14.696	-4.716
-15.406	-3.290
-14.131	-5.450
-12.612	-5.634
-13.684	-6.342
-15.077	-6.218
-13.495	-5.058
-15.447	-6.549
-13.460	-6.495
-14.923	-5.537
-11.450	-7.008
-10.007	-4.853
-9.645	-4.733
-13.723	-4.227
-14.344	-7.006
-12.209	-6.462
-14.831	-4.540
-16.078	-1.500
-16.890	-3.854
-15.869	-4.126
-14.807	-2.455
-15.081	-2.550
-14.645	-1.102
-11.783	-0.304
-13.458	-0.878
-11.994	-1.273
-14.226	-0.069
-12.178	-0.465
-12.599	-4.158
-10.534	-1.803
-10.297	-3.824
-12.973	-3.725
-12.823	-3.250
-9.688	-3.305
-11.187	-4.476
-14.271	-3.157
-15.760	1.971
-14.975	3.515
-16.722	0.966
-17.099	-0.435
-15.909	-0.572
-15.510	0.218
-14.547	-0.500
-13.410	-5.064
-15.986	-5.815
-16.850	-2.577
-18.115	2.021
-19.109	0.683
-14.720	-0.420
-13.530	0.012
-20.274	3.666
-19.497	4.773
-22.061	1.862
-17.435	-1.507
-16.152	-1.050
-14.368	-1.112
-12.698	2.675
-14.472	2.664
-11.196	-3.915
-12.848	-0.913
-12.281	-4.795
-7.068	-9.917
-11.151	-8.715
-19.051	-11.848
-16.428	-12.149
-15.468	-8.719
-11.494	-4.657
-2.334	-14.120
-4.819	-9.067
-13.055	-4.411
-16.872	-2.497
-14.769	-0.841
-14.778	-4.593
-16.543	-5.315
-19.099	-1.583
-13.481	2.412
-20.691	1.635
-14.187	-4.075
-13.238	2.878
-22.276	-1.423
-23.716	0.802
-21.023	-8.879
-8.573	-12.885
-3.873	-12.154
-5.613	-11.497
0.713	-13.118
1.440	-14.568
-0.736	-10.777
-1.298	-15.062
-3.229	-14.795
0.878	-19.245
3.752	-15.980
2.584	-7.146
4.406	-14.466
6.023	-10.784
-7.234	-18.140
-7.617	-23.732
-10.844	-24.892
-6.539	-33.699
-2.953	-36.522
3.371	-34.066
8.563	-41.283
7.033	-37.985
0.644	-42.763
-6.897	-41.886
4.344	-50.933
8.070	-53.822
9.769	-50.790
7.073	-50.245
4.233	-55.903
1.247	-53.184
1.291	-50.742
-9.963	-47.656
-1.522	-47.235
-0.494	-47.168
-3.112	-43.421
-14.833	-47.739
-24.910	-46.650
-16.016	-41.052
-15.476	-35.030
-18.733	-36.533
-27.605	-35.368
-23.995	-33.889
-17.117	-25.057
-21.243	-27.006
-18.007	-31.714
-22.146	-35.502
-16.500	-33.806
-12.052	-34.301
-18.164	-30.700
-14.718	-34.106
-10.170	-37.576
-9.942	-41.214
3.976	-36.637
2.904	-38.428
10.156	-37.768
8.966	-39.107
6.481	-40.161
6.060	-38.184
19.018	-32.395
19.226	-40.019
32.778	-33.345
25.882	-37.085
25.668	-32.837
22.455	-36.266
19.735	-33.463
16.602	-32.124
9.235	-37.275
5.977	-37.380
9.377	-33.543
11.434	-20.957
0.241	-25.443
5.318	-33.431
-0.484	-31.715
-13.172	-29.390
-16.934	-32.210
-12.512	-31.328
-15.423	-31.579
-17.820	-31.783
-18.363	-30.509
-21.184	-25.673
-15.310	-33.032
-7.330	-40.450
-11.149	-44.217
0.195	-45.045
5.859	-46.695
10.943	-47.491
11.261	-42.653
14.691	-48.023
18.125	-47.922
17.375	-53.674
16.410	-51.081
8.340	-50.116
4.094	-56.638
-0.948	-53.235
-12.747	-53.113
-9.003	-51.695
-9.536	-60.759
5.326	-59.697
6.376	-57.271
-0.424	-53.390
-6.907	-53.901
-3.969	-56.938
-12.544	-49.191
-0.810	-58.751
-4.854	-54.804
-10.870	-56.748
-10.062	-54.852
-9.341	-52.422
-4.203	-50.941
-9.216	-52.368
-6.238	-51.916
-3.419	-49.586
-7.119	-57.074
-0.228	-60.803
-9.578	-56.898
-1.399	-56.690
-10.781	-53.768
-1.811	-55.850
6.422	-56.888
1.653	-62.076
5.895	-63.519
15.282	-67.377
6.492	-64.205
7.245	-63.719
4.422	-53.661
7.619	-55.075
9.300	-52.052
14.462	-50.205
30.066	-47.043
25.730	-50.659
26.115	-46.923
24.829	-48.071
29.926	-48.646
16.355	-49.391
15.842	-49.063
15.744	-47.247
11.845	-48.561
15.439	-50.292
13.808	-51.215
11.646	-44.200
16.177	-45.099
21.224	-44.375
11.570	-45.364
9.409	-39.826
6.799	-44.284
13.823	-46.062
9.990	-49.467
-1.251	-49.225
2.324	-56.459
0.541	-62.064
7.598	-54.216
-4.397	-49.270
-6.743	-47.587
1.850	-48.979
-1.307	-52.314
-0.594	-46.720
3.767	-49.662
1.213	-46.636
-11.751	-43.699
-8.321	-35.277
-11.334	-37.634
-11.881	-29.824
-7.997	-24.942
-1.369	-21.808
-0.384	-27.192
7.125	-27.175
2.578	-18.041
8.387	-25.797
8.196	-27.702
19.355	-27.963
12.090	-24.270
6.654	-28.607
14.834	-27.707
7.036	-31.504
7.371	-30.893
4.799	-31.121
12.066	-35.221
3.530	-32.973
2.129	-37.700
-1.288	-30.729
9.921	-39.058
13.464	-41.618
15.046	-43.028
18.853	-48.617
25.308	-40.679
32.820	-41.610
27.478	-43.283
27.618	-47.463
25.626	-46.923
24.875	-48.578
35.601	-41.192
28.383	-48.756
33.364	-54.531
33.928	-46.084
26.398	-52.004
23.005	-51.703
30.715	-52.553
39.521	-43.530
30.823	-40.726
28.007	-44.544
34.822	-46.068
26.414	-49.686
28.354	-52.058
31.014	-39.658
28.738	-35.874
34.040	-36.103
32.424	-27.657
24.928	-28.732
21.712	-30.941
26.047	-25.026
19.911	-28.659
28.191	-26.045
31.356	-27.601
35.265	-29.849
28.320	-37.545
20.518	-39.632
18.762	-37.432
16.646	-40.854
22.065	-34.222
21.717	-37.147
26.737	-35.533
22.884	-44.918
25.060	-45.722
36.580	-37.303
31.772	-38.322
39.032	-31.898
37.955	-20.915
38.278	-20.083
40.892	-28.313
42.419	-27.212
42.746	-12.478
37.680	-12.924
36.710	-8.752
45.792	-7.731
46.816	-6.473
44.385	-5.815
42.536	0.377
42.137	-4.344
37.037	-6.798
33.833	-10.191
34.464	-7.418
41.116	-0.925
34.293	-8.258
35.051	-8.158
40.021	-8.688
39.648	-9.306
44.490	0.234
47.547	-1.710
41.842	-4.835
41.734	-13.219
43.230	-13.633
50.037	-15.164
49.083	-9.015
46.903	-7.749
40.392	-3.486
48.268	-2.054
54.763	-11.211
53.065	-8.350
55.000	-8.047
55.787	-4.875
54.339	-4.768
52.948	-8.220
52.242	-10.011
49.679	-13.549
49.463	-17.668
51.933	-14.995
51.439	-12.110
45.680	-20.592
48.995	-21.860
54.177	-7.289
45.008	-10.628
44.482	-16.901
44.042	-16.283
45.685	-14.439
47.498	-4.567
49.313	-4.560
48.667	1.188
51.190	0.753
55.341	-3.114
54.140	-2.603
48.310	-10.170
51.060	-11.623
45.956	-13.470
49.130	-10.139
48.430	-8.157
40.495	-15.049
37.627	-20.476
38.580	-19.042
42.198	-27.583
39.835	-33.795
41.926	-33.182
44.826	-35.919
40.659	-37.607
37.208	-35.150
33.769	-37.576
42.664	-30.410
39.444	-25.800
37.998	-34.109
36.404	-26.987
37.597	-11.664
33.604	-16.971
46.331	-22.385
44.993	-26.505
44.938	-23.359
44.692	-19.884
48.972	-25.040
58.253	-21.556
60.893	-15.167
64.613	-19.827
63.632	-12.323
57.706	-3.014
57.322	-12.856
56.168	-10.361
54.576	-21.197
50.962	-17.548
57.921	-20.064
51.074	-19.191
47.608	-21.500
54.957	-18.302
58.238	-17.247
49.454	-21.893
50.465	-20.313
53.976	-22.550
58.727	-23.012
58.036	-24.891
61.294	-24.486
63.236	-15.111
64.535	-18.303
62.216	-20.994
58.818	-21.402
56.218	-20.113
57.677	-12.432
57.883	-0.113
55.558	-5.733
48.841	-16.086
55.832	-12.703
51.233	-18.564
49.435	-18.229
44.439	-17.326
51.163	-16.663
49.461	-10.198
53.233	-6.426
53.228	-8.977
53.841	-10.242
54.087	-8.613
52.147	-5.384
55.666	2.391
55.025	-6.332
57.334	3.340
53.846	3.134
53.708	0.097
55.190	8.409
53.753	8.749
51.643	8.264
43.192	10.375
41.330	14.489
43.762	20.738
42.185	23.262
43.613	11.646
40.359	11.793
39.956	10.580
39.982	13.919
42.277	17.962
42.209	21.240
42.177	22.393
42.202	21.586
43.493	24.192
40.402	23.550
43.424	25.630
38.652	18.011
41.717	22.725
37.183	20.794
36.522	24.375
39.137	18.958
36.630	19.121
35.462	14.623
39.098	12.432
37.472	2.233
37.005	8.222
39.967	9.049
39.870	7.456
39.300	4.472
38.425	2.334
41.175	3.020
42.730	10.492
41.065	9.761
42.382	12.895
40.489	6.166
42.004	13.002
39.312	11.531
38.133	12.272
41.777	4.533
41.986	10.784
40.381	13.839
39.683	11.979
38.707	9.681
39.475	9.768
39.888	11.141
36.885	14.525
38.274	14.234
36.173	19.718
37.515	20.516
39.067	21.319
37.871	18.329
34.351	17.796
37.626	15.878
37.237	16.805
35.742	16.329
39.179	15.384
39.969	17.484
37.892	9.875
35.996	8.477
41.145	7.254
37.621	16.876
40.689	16.427
40.076	15.084
41.671	15.969
39.966	19.245
41.454	23.110
43.818	14.377
41.862	12.498
41.377	16.304
40.746	14.238
39.995	13.526
40.892	13.737
39.357	15.848
44.052	8.835
42.565	9.991
42.215	3.004
44.464	7.863
43.765	11.040
39.839	6.876
42.849	12.793
41.910	11.937
45.795	4.644
43.679	10.492
43.466	15.148
44.856	20.093
41.363	21.947
41.250	27.264
39.337	25.664
37.307	27.281
34.911	19.513
38.888	19.754
44.226	25.082
38.198	29.305
36.191	28.710
41.171	28.352
39.233	25.568
45.480	25.130
44.946	24.207
46.688	15.316
45.263	19.440
43.665	13.952
44.440	6.957
41.980	16.765
39.474	19.815
37.256	21.532
39.806	18.419
39.341	15.249
36.611	23.362
37.370	21.935
34.011	17.185
36.381	17.446
39.027	20.198
39.749	19.141
45.935	22.791
36.700	26.718
41.768	25.809
42.301	25.486
40.037	24.521
36.944	18.349
38.858	16.384
39.987	19.778
37.552	21.524
38.737	19.469
37.831	18.510
37.422	11.067
33.021	18.935
37.453	19.623
37.327	20.722
37.267	19.249
37.923	23.751
36.829	21.289
35.673	22.235
31.970	23.529
35.165	20.202
43.282	18.633
44.278	21.674
44.835	20.499
41.952	18.890
41.419	25.242
38.792	22.483
38.116	23.546
34.072	31.030
36.032	28.971
32.091	31.311
34.021	31.437
32.206	33.972
36.510	28.048
34.895	32.467
36.933	35.267
35.832	34.989
41.075	32.223
39.476	32.298
44.055	28.735
40.688	27.363
39.017	29.493
42.525	27.952
45.489	22.864
47.422	13.755
48.743	9.331
45.989	17.090
37.662	23.035
40.190	14.904
33.093	14.694
37.911	14.840
33.087	15.803
35.137	14.730
37.398	20.565
39.083	19.901
35.972	23.953
38.574	26.941
31.671	26.281
26.837	21.093
27.502	15.775
27.876	19.695
25.680	18.178
24.865	15.898
21.188	21.443
24.451	17.189
23.557	14.209
31.569	15.490
37.907	15.792
38.113	16.037
39.301	14.448
38.831	12.868
40.577	17.637
45.869	17.834
44.740	14.079
45.259	22.576
44.881	15.908
48.078	15.671
41.662	17.950
40.201	17.734
35.845	11.378
38.363	15.918
34.122	11.661
38.019	17.625
40.063	10.713
40.678	20.641
36.188	15.562
35.753	16.784
37.896	13.842
30.110	17.917
35.156	18.472
38.974	22.993
38.728	19.240
43.755	23.716
38.247	20.522
38.580	16.185
40.499	19.761
45.005	12.706
43.716	18.674
41.848	7.501
43.669	3.141
44.300	10.190
42.090	13.129
45.083	20.016
41.523	20.758
40.768	21.808
38.867	18.534
44.637	10.119
43.159	7.598
43.820	6.057
45.044	12.649
46.661	13.526
47.160	12.288
43.838	14.859
43.028	15.884
43.383	16.034
45.302	2.961
45.153	11.504
43.174	13.513
42.748	18.474
37.685	23.296
41.392	23.674
45.705	17.705
44.993	22.360
40.329	10.198
42.660	12.293
46.929	4.862
47.256	9.606
44.138	7.905
51.122	6.116
46.738	2.433
50.596	7.305
48.715	6.011
52.164	2.000
52.593	5.697
50.758	14.894
49.919	4.932
46.226	6.061
42.767	3.640
41.033	5.312
39.685	7.068
37.926	4.611
41.378	6.621
50.612	13.850
48.223	5.030
56.259	7.009
51.490	3.031
46.863	11.065
44.036	9.951
36.611	5.445
44.339	11.476
43.082	16.123
44.302	14.324
40.644	20.433
41.862	22.119
38.738	28.687
41.387	22.860
37.421	21.640
36.492	24.886
35.925	23.456
40.089	17.119
40.342	19.218
46.228	20.653
44.175	13.390
42.632	15.865
43.926	16.899
42.094	8.630
43.041	12.470
46.817	12.841
45.520	14.289
42.079	14.146
42.372	14.697
44.535	11.707
46.812	16.362
49.569	13.261
46.826	14.873
45.423	19.443
43.474	21.585
41.837	25.505
39.902	23.130
40.613	16.448
36.807	21.117
38.882	19.428
41.323	15.291
42.458	18.173
38.848	18.824
41.481	13.853
43.494	12.675
45.435	13.950
45.339	9.604
46.791	13.995
43.866	11.473
45.346	18.166
43.677	16.960
45.897	14.354
42.744	9.498
37.848	11.597
39.814	9.891
39.543	13.222
39.730	20.449
41.914	22.853
39.737	25.120
38.215	21.474
41.157	22.326
43.474	19.442
44.335	15.909
40.393	10.236
39.827	12.697
42.562	14.740
44.268	11.560
42.675	10.599
39.260	7.496
42.253	6.318
40.896	14.725
41.229	12.287
44.063	7.546
43.959	9.934
42.502	11.892
39.621	10.887
40.739	8.469
42.615	11.931
41.852	6.049
42.773	8.768
43.822	14.760
40.015	15.796
45.159	11.301
44.745	14.412
45.651	15.619
44.952	17.865
46.076	17.870
41.688	19.152
45.067	20.276
46.605	12.476
47.908	12.468
49.558	12.743
51.704	8.212
49.818	10.116
43.398	6.182
38.958	13.631
38.511	19.263
36.575	21.492
32.310	24.017
36.030	20.237
37.358	20.693
36.574	24.989
36.348	27.406
39.035	23.664
36.352	28.154
41.756	25.188
40.783	22.145
37.728	35.851
38.434	36.149
40.124	29.527
41.121	24.216
38.592	21.929
39.808	18.557
38.018	16.863
40.472	19.656
37.886	23.539
38.443	20.357
38.190	20.801
38.643	17.070
31.976	17.600
27.344	16.491
29.005	14.729
27.400	19.894
23.671	20.118
23.868	14.832
19.534	14.103
13.582	12.573
13.434	11.674
12.832	13.870
12.591	11.249
16.223	14.879
15.752	17.784
15.155	17.485
18.180	7.207
5.455	1.267
4.342	-5.850
5.843	0.134
2.340	4.625
2.566	12.767
13.358	8.577
5.305	10.946
10.002	5.184
4.659	1.236
-0.637	0.810
-1.403	0.682
-2.330	-3.431
-9.255	-4.625
3.865	-5.978
9.161	7.355
16.035	9.411
10.630	7.398
4.525	0.539
3.428	-3.174
-0.586	-0.408
-12.586	-9.724
-12.309	-6.636
3.153	-7.129
2.282	-3.930
0.915	0.568
5.646	4.404
6.216	-0.720
5.544	-5.180
-8.238	-11.213
-11.186	-1.502
-12.032	-3.151
-17.685	-5.594
-19.831	-8.691
-16.572	-4.923
-19.016	0.362
-20.531	-2.063
-19.819	2.641
-26.301	2.501
-30.861	3.348
-28.225	4.615
-27.953	4.657
-25.989	6.982
-26.566	7.437
-25.376	2.787
-26.500	1.982
-24.161	7.915
-24.789	12.312
-24.221	1.431
-21.389	2.542
-24.845	-4.467
-24.801	3.220
-26.111	-2.465
-19.009	4.910
-16.006	5.010
-21.622	-0.930
-25.883	-0.147
-27.264	4.861
-22.831	5.571
-16.947	0.829
-15.489	-4.278
-15.508	-6.178
-12.095	-0.717
-11.227	-0.998
-14.837	-0.904
-3.234	-6.836
-12.322	-3.510
-10.325	-3.056
-9.295	-10.601
-13.711	-5.348
-13.749	-5.766
-13.405	-3.639
-12.396	-10.309
-18.669	-6.715
-25.816	-6.067
-27.837	-6.545
-33.475	-5.773
-34.794	-7.573
-27.207	-8.347
-33.980	-7.306
-28.193	-7.584
-26.301	-4.135
-29.811	-2.775
-20.583	0.017
-18.224	0.077
-20.845	4.715
-24.433	-1.980
-24.531	4.462
-20.605	-4.389
-21.089	2.620
-28.104	2.869
-26.891	1.870
-24.297	5.089
-23.533	2.645
-26.247	9.362
-27.941	7.939
-24.506	4.511
-29.538	7.273
-31.244	10.413
-30.981	8.372
-29.476	4.317
-28.390	5.546
-31.920	5.932
-33.725	5.991
-32.390	5.848
-28.321	9.275
-27.216	3.526
-27.280	2.779
-29.158	7.051
-28.442	9.917
-32.578	8.770
-30.955	8.044
-27.257	8.072
-26.259	11.350
-27.059	11.304
-27.128	6.295
-32.388	6.261
-31.456	7.340
-29.142	3.506
-32.476	9.344
-35.396	8.342
-33.270	6.344
-31.489	6.660
-30.889	2.959
-27.664	2.119
-27.588	-3.498
-26.578	-2.466
-26.743	-1.652
-27.227	3.207
-29.226	6.071
-28.800	0.261
-24.381	1.661
-30.385	4.142
-31.109	6.796
-29.434	-1.383
-26.604	3.104
-26.201	5.515
-26.544	9.924
-27.655	8.914
-28.318	7.272
-25.403	4.743
-26.186	5.685
-25.546	2.642
-22.285	-0.217
-25.006	-3.554
-24.453	-0.698
-25.801	0.106
-24.166	-4.765
-23.579	-3.331
-20.927	-4.331
-23.057	-6.335
-21.647	-2.660
-21.035	-3.539
-20.153	-0.144
-25.022	-0.226
-22.025	-3.484
-21.126	-0.831
-23.419	3.208
-26.663	-0.158
-22.489	-0.637
-23.238	-0.217
-24.944	5.364
-25.090	7.867
-25.746	2.873
-26.894	4.659
-26.281	1.993
-27.222	6.074
-25.714	4.355
-30.680	6.439
-27.574	5.218
-28.479	6.503
-30.905	7.195
-27.533	1.282
-26.823	0.070
-27.147	0.658
-24.547	1.314
-22.856	-1.246
-27.379	-0.748
-26.513	1.132
-30.943	4.760
-25.108	5.748
-29.322	7.077
-24.310	4.519
-24.945	1.480
-25.193	0.453
-24.813	1.990
-25.046	1.609
-24.199	1.853
-21.710	2.028
-20.756	-3.632
-20.101	0.387
-18.939	-0.923
-20.191	3.378
-25.316	-2.010
-23.188	-5.613
-23.539	-0.286
-25.485	-3.026
-27.307	-2.234
-25.183	-1.051
-25.732	4.785
-24.792	10.228
-24.740	6.119
-24.206	11.295
-23.035	7.065
-20.349	0.873
-26.038	5.451
-21.924	6.909
-21.334	7.304
-20.202	9.430
-23.609	6.891
-21.759	6.527
-18.836	13.012
-19.402	10.859
-22.612	9.363
-27.722	3.534
-25.779	-2.429
-24.872	-0.097
-24.490	7.311
-25.491	2.746
-24.875	4.022
-19.653	5.016
-15.855	5.313
-21.436	4.264
-17.829	-0.347
-17.641	5.336
-18.833	1.923
-16.236	1.609
-23.360	1.586
-23.047	0.773
-24.552	1.773
-23.556	5.134
-25.248	4.451
-26.380	5.286
-23.702	-0.772
-23.610	1.761
-19.555	7.826
-17.789	11.195
-18.942	12.005
-23.458	8.906
-22.682	8.855
-21.806	15.085
-20.869	20.185
-23.156	19.670
-22.929	18.179
-24.193	19.698
-17.791	20.811
-18.335	19.484
-21.697	22.943
-24.062	25.149
-23.403	25.975
-19.147	22.920
-19.040	24.425
-21.655	20.454
-23.803	24.981
-23.813	26.712
-23.172	24.182
-26.018	24.247
-22.252	17.543
-21.945	20.508
-20.147	20.017
-18.684	15.443
-18.323	22.424
-20.832	23.824
-22.288	27.217
-23.056	24.594
-22.958	25.999
-21.606	26.066
-21.595	25.691
-23.085	25.038
-23.797	24.613
-24.114	22.832
-25.113	20.815
-24.375	24.363
-26.936	23.388
-22.680	19.956
-18.582	21.144
-16.850	23.106
-18.085	21.353
-20.662	24.314
-24.365	25.860
-24.518	24.324
-25.244	22.336
-23.675	17.684
-24.390	18.283
-22.254	21.466
-20.897	23.606
-22.706	24.776
-21.042	12.603
-22.021	13.277
-22.244	21.472
-19.294	15.307
-17.555	15.833
-18.788	16.369
-15.140	15.948
-17.258	11.735
-16.768	5.127
-16.286	9.440
-14.117	9.588
-14.656	7.082
-18.248	6.951
-21.790	7.964
-19.957	6.964
-21.680	7.443
-20.000	10.837
-14.444	6.663
-17.896	8.298
-18.105	10.140
-16.380	14.709
-19.446	10.537
-17.229	13.969
-19.131	6.100
-21.049	5.030
-16.976	1.530
-10.845	4.918
-14.505	8.710
-15.044	1.682
-12.553	0.848
-14.944	2.479
-11.383	3.223
-12.913	6.358
-10.732	7.645
-12.004	6.628
-11.558	5.825
-14.632	4.243
-14.995	7.655
-13.987	7.267
-15.847	10.039
-15.807	5.244
-16.512	7.015
-15.500	9.109
-12.427	3.328
-17.262	3.854
-22.014	3.546
-17.187	4.339
-22.575	0.789
-15.684	2.883
-18.702	0.759
-16.551	3.834
-12.219	2.487
-16.801	8.288
-14.478	8.305
-18.151	3.488
-21.317	8.327
-24.563	10.189
-22.526	8.190
-22.171	6.599
-16.908	10.087
-17.067	9.274
-15.573	12.634
-19.379	14.513
-18.160	11.405
-20.124	15.855
-23.966	12.722
-21.720	13.068
-23.958	16.342
-21.011	11.114
-22.594	14.836
-17.453	13.377
-17.789	14.153
-19.606	8.826
-16.879	9.341
-18.062	9.806
-19.154	5.805
-19.313	5.862
-21.093	5.024
-18.877	6.754
-22.571	10.854
-16.983	8.555
-17.355	7.035
-17.296	7.318
-21.653	8.801
-21.576	2.910
-24.504	9.640
-24.757	9.808
-19.802	9.114
-17.902	11.822
-18.826	11.902
-17.480	7.603
-20.506	13.035
-20.230	15.131
-21.051	9.371
-19.294	11.954
-21.983	8.321
-23.773	12.644
-21.067	12.902
-23.180	12.410
-28.163	10.552
-24.836	10.259
-20.874	7.936
-20.611	8.407
-16.451	9.337
-16.282	7.734
-18.541	6.366
-17.175	12.771
-18.422	16.141
-9.244	16.144
-13.520	11.048
-11.583	7.727
-11.149	15.597
-11.239	14.199
-13.057	11.870
-13.874	18.429
-12.571	13.537
-16.087	11.605
-13.332	11.995
-11.488	9.475
-19.314	10.732
-18.968	13.584
-24.098	13.359
-18.043	14.643
-15.603	9.251
-19.299	11.259
-21.404	15.636
-22.087	12.254
-27.421	10.144
-24.627	15.107
-23.110	18.184
-23.772	15.145
-19.336	15.568
-20.706	14.224
-14.518	16.096
-19.088	18.595
-10.393	11.499
-10.206	11.913
-9.020	12.451
-10.570	14.588
-14.754	18.794
-15.626	22.397
-16.732	16.338
-12.287	13.877
-14.504	13.529
-15.778	13.134
-16.128	13.907
-21.252	17.721
-20.601	17.488
-22.122	15.648
-24.165	16.094
-24.271	16.329
-17.322	9.907
-21.586	9.264
-19.482	7.881
-22.023	7.330
-25.146	8.442
-19.185	8.775
-21.262	7.145
-13.103	9.316
-19.973	8.327
-25.240	10.152
-23.847	7.660
-23.564	7.406
-22.720	10.397
-20.459	10.191
-21.734	8.081
-14.499	9.869
-15.580	10.088
-18.353	5.807
-15.101	9.741
-14.723	11.650
-20.467	9.365
-16.177	12.074
-23.232	12.087
-22.202	13.928
-19.767	13.488
-18.153	10.510
-17.713	9.702
-18.280	9.515
-18.914	9.640
-13.996	9.366
-19.099	6.588
-21.968	9.942
-23.319	9.886
-19.638	7.918
-19.650	6.838
-22.098	7.013
-18.362	5.733
-19.601	8.667
-20.619	6.935
-22.908	8.098
-20.882	8.007
-20.531	7.824
-18.329	10.635
-15.880	13.195
-21.334	10.831
-20.079	8.618
-18.918	5.471
-18.475	10.055
-17.515	8.729
-22.346	10.627
-21.023	13.473
-16.887	17.467
-16.465	8.348
-20.250	12.465
-16.702	11.015
-18.483	9.292
-17.010	7.948
-18.688	7.533
-13.898	11.435
-18.518	9.794
-20.321	11.986
-18.900	13.542
-23.321	15.155
-20.688	18.348
-21.408	15.309
-18.820	17.969
-23.350	17.676
-23.611	15.883
-20.108	16.059
-20.673	13.488
-21.055	10.610
-21.008	12.418
-22.994	8.714
-22.832	8.184
-20.727	10.408
-20.630	10.432
-22.804	11.466
-21.332	7.527
-15.277	10.543
-22.970	11.148
-22.203	8.059
-20.910	7.897
-21.050	6.889
-21.258	8.266
-23.508	14.581
-26.406	11.129
-17.797	7.905
-23.108	10.432
-19.025	7.631
-18.592	12.198
-18.396	11.990
-22.775	12.297
-19.749	14.146
-22.079	16.190
-19.470	15.812
-20.647	13.699
-26.072	14.858
-23.050	12.872
-23.293	17.198
-21.642	15.898
-22.273	19.016
-21.099	17.602
-20.617	17.470
-22.471	15.071
-23.921	14.165
-21.848	14.544
-22.715	12.211
-21.778	13.876
-21.477	14.677
-23.069	14.034
-21.808	13.061
-22.080	14.938
-20.055	12.689
-21.270	10.860
-23.023	12.112
-18.983	12.259
-19.658	11.099
-20.521	13.014
-22.177	13.061
-21.132	10.971
-24.218	13.290
-21.335	15.315
-23.296	17.038
-23.166	16.154
-23.848	20.590
-22.434	18.125
-23.630	18.287
-29.143	15.650
-27.582	18.413
-29.537	16.663
-26.936	11.287
-28.229	11.859
-28.551	18.682
-26.197	17.004
-25.497	19.137
-27.519	10.004
-28.405	16.763
-26.434	13.821
-29.761	16.229
-23.431	17.563
-24.840	15.127
-26.943	14.603
-26.240	18.620
-28.163	19.578
-28.438	14.274
-26.151	9.172
-27.209	12.764
-27.689	12.729
-28.909	13.378
-30.059	11.211
-28.578	8.888
-28.575	9.054
-27.491	12.088
-29.595	9.007
-26.651	7.672
-26.882	4.440
-25.021	7.337
-24.065	2.467
-21.457	-0.239
-21.655	-1.232
-22.592	4.016
-20.905	3.243
-22.600	-0.155
-22.396	2.460
-22.547	0.361
-20.676	0.766
-20.607	2.402
-18.954	1.770
-23.036	1.127
-22.628	4.453
-25.241	10.793
-22.436	8.807
-24.168	6.221
-21.686	4.991
-27.513	9.543
-24.850	16.311
-23.350	16.034
-25.096	16.637
-24.776	9.908
-26.279	13.537
-28.588	11.473
-24.435	14.414
-25.071	12.833
-26.141	13.800
-27.106	14.964
-23.168	18.432
-28.388	21.833
-27.551	17.893
-27.586	15.873
-26.975	15.705
-24.723	16.993
-25.697	15.686
-23.121	13.394
-24.708	16.298
-24.321	18.106
-24.438	15.625
-24.498	13.557
-24.984	15.208
-24.131	15.647
-24.055	12.196
-24.132	11.229
-25.231	12.945
-22.544	11.262
-24.815	7.665
-25.227	16.224
-26.002	12.376
-24.441	11.322
-24.089	14.394
-22.621	10.628
-26.672	11.138
-21.991	8.648
-25.158	11.957
-25.617	9.935
-25.429	8.147
-22.588	6.382
-23.879	11.988
-24.894	11.483
-23.633	10.413
-23.800	8.011
-21.894	5.451
-25.331	7.736
-24.291	4.722
-22.111	5.986
-24.180	8.351
-26.032	6.011
-25.265	6.382
-26.123	3.746
-22.470	4.847
-22.149	8.667
-25.029	3.830
-24.676	3.709
-22.289	-0.589
-20.891	1.236
-23.903	4.269
-26.043	3.642
