11.325	-10.376
11.653	-13.629
11.570	-10.762
10.155	-12.636
11.752	-10.680
10.240	-13.497
10.438	-9.917
11.769	-10.496
10.733	-9.483
11.413	-10.518
9.743	-10.277
11.823	-8.621
12.205	-10.339
11.689	-8.851
11.762	-11.070
9.304	-11.522
11.211	-11.484
11.451	-10.727
12.314	-11.309
12.876	-11.533
11.324	-12.292
12.564	-13.217
11.668	-12.425
14.093	-12.696
11.779	-13.553
11.196	-12.551
12.592	-11.179
11.571	-10.705
12.372	-9.853
12.749	-9.334
12.656	-8.039
11.600	-11.698
11.274	-11.315
12.131	-11.089
11.071	-10.049
12.620	-9.918
12.107	-10.756
11.572	-13.290
10.535	-13.401
11.697	-12.708
12.379	-11.272
12.728	-12.561
12.999	-11.577
12.473	-11.311
10.229	-10.698
11.043	-10.076
11.661	-10.302
13.325	-11.376
13.604	-10.411
12.136	-9.637
13.541	-10.280
15.177	-9.071
14.663	-9.994
12.876	-10.859
11.707	-11.614
12.074	-9.136
13.081	-10.954
13.300	-10.684
12.809	-8.706
15.235	-11.355
13.850	-11.913
13.618	-11.451
11.714	-10.978
11.928	-11.228
14.199	-10.859
14.957	-10.839
14.201	-11.206
13.045	-12.532
11.726	-13.510
16.312	-10.514
13.946	-11.755
13.071	-12.691
14.939	-11.605
13.229	-13.085
14.230	-12.602
14.485	-13.831
16.158	-14.969
15.956	-13.090
16.362	-13.795
14.428	-13.859
14.001	-11.100
16.068	-12.781
16.444	-12.992
14.483	-13.049
13.702	-12.030
14.860	-12.695
16.665	-10.787
15.409	-11.726
15.016	-11.944
16.652	-12.463
15.705	-12.384
15.227	-13.011
16.783	-13.904
15.411	-12.914
14.975	-12.064
13.324	-11.081
15.796	-10.708
14.324	-12.796
14.288	-11.502
13.247	-9.680
14.438	-10.654
15.219	-11.385
14.533	-10.113
11.643	-11.420
14.180	-10.589
13.106	-10.480
13.867	-10.045
11.849	-13.001
12.995	-10.162
11.432	-7.566
13.033	-7.857
12.720	-7.993
12.264	-10.252
13.461	-12.247
12.730	-10.588
13.780	-10.825
12.292	-9.297
11.945	-10.604
12.507	-11.865
11.752	-12.536
14.498	-11.525
13.639	-9.926
12.724	-11.382
12.799	-9.956
12.322	-10.629
12.448	-8.645
11.063	-11.243
13.952	-8.338
12.080	-8.950
10.965	-9.567
11.236	-9.187
12.611	-9.451
12.127	-8.525
10.077	-8.936
11.449	-12.123
10.884	-10.333
11.864	-8.860
11.689	-8.694
10.758	-11.076
12.345	-10.552
11.742	-12.903
11.427	-10.496
12.916	-12.812
12.583	-11.318
12.126	-9.442
12.063	-8.636
11.519	-8.882
10.497	-6.917
9.879	-5.635
11.541	-6.454
13.252	-7.461
11.603	-5.967
10.297	-7.271
9.342	-7.526
9.235	-5.710
10.385	-8.271
14.335	-6.550
13.962	-6.265
12.380	-6.310
10.431	-8.478
14.969	-5.820
15.573	-4.037
14.732	-4.328
13.677	-4.975
13.052	-4.279
11.992	-5.825
12.620	-7.515
12.739	-7.561
10.569	-6.641
10.126	-8.911
10.099	-9.010
9.997	-8.786
10.470	-9.198
11.144	-8.445
10.053	-7.032
11.334	-8.188
10.734	-9.788
10.287	-8.320
10.308	-5.977
11.525	-8.092
12.045	-8.212
11.661	-8.798
11.777	-10.113
12.980	-11.688
13.406	-10.934
13.582	-9.792
13.753	-7.689
13.569	-8.460
13.325	-8.305
12.118	-9.896
15.647	-9.870
12.344	-9.558
11.774	-9.385
12.373	-7.762
12.855	-11.144
15.604	-8.410
15.625	-8.878
13.032	-7.746
15.139	-8.339
14.462	-4.198
16.083	-4.817
16.849	-6.880
15.675	-6.488
17.805	-8.075
17.766	-8.041
16.655	-5.806
14.177	-6.749
15.661	-8.996
13.418	-6.188
13.927	-5.016
13.630	-7.872
14.607	-7.239
14.674	-6.921
15.873	-5.865
13.143	-7.367
16.047	-5.439
15.227	-6.071
13.748	-6.221
15.500	-5.441
14.504	-4.708
13.814	-3.923
14.605	-3.536
15.612	-2.913
15.473	-2.894
14.858	-3.902
13.035	-3.979
12.644	-2.932
14.085	-3.724
15.755	-1.401
15.201	-3.192
14.896	-2.607
13.987	-3.354
14.489	-1.465
14.788	-2.334
15.125	-1.379
14.721	-0.996
15.383	-2.058
15.348	-2.124
16.079	-3.741
16.740	-4.091
15.902	-4.818
15.636	-3.306
16.212	-4.396
18.451	-0.394
16.378	-1.352
18.982	-2.998
16.559	-4.408
16.536	-4.683
17.645	-4.983
17.515	-4.923
16.170	-3.578
15.432	-3.130
17.274	-5.662
16.431	-5.356
15.654	-4.697
16.432	-8.819
15.250	-7.729
16.029	-8.415
15.730	-7.300
16.107	-7.578
17.921	-4.754
18.206	-2.859
15.798	-4.722
16.888	-5.096
15.812	-4.095
15.857	-2.147
15.951	-4.914
17.951	-3.038
16.582	-5.296
17.782	-3.492
20.344	-5.107
19.676	-3.955
17.197	-3.857
18.987	-3.481
18.979	-3.449
17.325	-4.265
18.438	-3.647
18.060	-3.016
19.035	-4.484
18.143	-6.385
19.475	-3.738
17.753	-5.985
20.017	-7.132
18.031	-5.297
19.560	-5.254
17.518	-3.217
19.614	-4.724
19.090	-1.716
17.208	-2.623
15.579	0.019
16.197	-4.204
15.285	-3.324
15.634	0.115
17.754	-0.620
17.753	-0.142
15.421	-1.244
14.400	2.037
15.254	0.010
16.208	-0.121
17.317	-2.150
16.010	-1.869
16.454	-1.580
14.938	-3.629
14.863	-1.765
18.454	-1.066
16.860	-2.986
15.675	-0.405
17.367	-0.407
15.287	0.241
16.300	-1.593
16.504	-2.963
16.272	-3.654
15.004	-1.127
15.828	-1.450
14.790	-0.576
15.309	-0.857
15.216	2.048
17.008	0.739
18.992	0.694
16.091	-1.630
17.320	1.771
17.623	2.008
17.488	3.390
18.933	0.576
19.972	1.635
21.116	3.835
18.515	4.525
20.130	4.969
19.145	2.345
20.678	2.073
19.901	5.616
20.037	4.354
19.202	3.185
18.293	3.327
17.776	2.256
18.589	5.082
16.796	6.521
15.465	5.960
20.090	2.984
18.702	2.930
16.253	5.848
19.091	4.044
18.118	4.508
17.561	4.199
18.025	6.008
17.512	8.270
16.339	6.848
18.345	8.015
17.279	4.271
17.556	3.251
16.379	5.695
16.541	6.190
17.542	4.520
17.324	4.217
16.249	4.361
15.175	2.745
14.645	3.821
17.285	2.698
16.079	5.318
15.943	1.909
16.279	3.727
15.621	2.067
17.121	3.934
15.360	2.767
17.045	3.523
18.487	4.994
16.646	4.096
17.159	3.816
16.610	4.700
17.313	3.226
18.877	3.999
17.518	2.315
15.580	3.488
15.672	3.342
15.654	5.368
14.596	5.095
18.516	5.289
16.163	3.472
17.454	3.472
15.769	1.989
15.741	3.633
18.063	4.481
17.019	4.413
16.070	5.393
16.876	3.558
17.150	3.783
17.935	3.998
17.221	5.544
18.083	5.841
16.651	7.468
16.994	5.927
16.346	7.046
15.744	7.260
15.232	6.280
17.392	5.540
16.215	4.037
17.144	3.768
16.109	7.035
15.157	6.253
15.897	5.312
15.752	5.851
17.677	2.498
17.203	4.026
16.484	4.887
19.649	4.345
17.451	6.069
18.402	5.274
16.882	6.275
17.013	4.549
16.942	5.212
16.323	5.475
14.540	5.559
17.226	4.669
16.619	4.545
17.655	4.582
15.863	3.132
15.341	3.238
14.964	3.594
14.361	4.732
13.475	5.699
14.044	5.229
15.661	4.719
14.336	4.372
12.709	4.864
11.628	5.029
14.199	3.986
12.401	5.458
13.758	3.302
12.674	4.472
13.442	2.165
14.141	2.255
15.244	3.670
15.832	3.513
15.964	3.113
14.193	3.985
13.434	6.371
13.285	7.656
12.546	6.818
11.133	8.039
12.501	6.417
12.097	6.591
12.526	4.294
13.188	6.673
11.446	5.505
12.038	6.722
11.637	5.869
10.301	6.761
11.078	7.575
11.893	8.507
10.374	10.139
10.492	10.191
11.939	10.798
12.070	8.658
10.786	8.573
12.805	9.677
12.800	10.668
12.472	10.085
14.364	9.908
11.291	8.567
13.523	7.212
14.633	8.913
12.517	9.530
12.884	8.716
11.163	8.809
15.032	8.548
12.041	8.514
12.862	10.355
14.190	8.166
13.211	10.298
13.749	8.649
12.962	6.754
11.604	9.168
13.507	4.880
15.365	5.930
13.762	8.026
13.364	8.684
14.193	7.992
15.593	7.614
15.850	5.809
18.637	5.883
16.786	6.715
15.966	7.721
16.808	6.378
15.950	6.092
14.570	6.728
14.460	6.262
15.096	7.195
15.471	4.305
15.802	3.596
14.294	6.990
13.432	7.058
14.065	8.061
14.158	9.495
13.347	9.905
13.400	9.185
12.890	10.807
13.174	9.966
12.221	9.571
14.395	8.448
12.936	8.736
11.745	9.403
13.203	8.940
13.732	8.136
14.953	7.612
13.807	8.467
12.438	10.604
11.738	9.746
11.114	11.394
12.414	10.982
11.404	13.422
11.800	13.226
11.933	12.983
12.700	9.417
12.877	10.565
12.926	11.798
10.691	12.925
12.720	10.371
11.412	11.971
12.336	9.651
11.966	10.944
12.633	10.624
12.910	8.363
9.581	10.458
13.190	9.269
10.211	11.030
9.103	10.612
9.882	11.951
10.012	12.518
10.049	11.178
10.297	9.986
8.462	12.354
9.495	11.999
9.912	12.176
10.867	9.911
10.755	9.779
9.488	10.865
12.397	9.865
9.737	11.392
11.760	8.742
10.710	9.899
9.400	8.337
8.888	7.836
9.937	10.765
10.102	12.081
10.298	11.860
8.211	10.614
10.415	12.624
10.682	12.958
11.139	12.619
11.158	11.321
10.304	11.927
11.042	11.740
11.037	13.140
11.463	12.514
9.418	12.270
11.765	10.349
10.871	14.094
10.384	13.218
10.626	10.740
10.101	10.343
10.647	9.931
11.313	10.075
11.738	9.835
10.452	11.170
10.413	10.058
9.907	9.248
11.465	11.491
11.643	11.111
10.442	10.724
7.911	12.256
9.396	11.049
9.280	10.864
10.374	10.587
12.545	6.766
14.028	6.473
11.703	9.522
14.449	5.735
12.698	9.439
11.014	11.330
12.002	9.840
10.599	10.470
11.165	11.871
10.767	12.114
9.397	12.609
11.614	11.163
9.931	13.226
9.389	12.236
9.851	11.198
9.929	11.711
10.471	11.445
10.348	11.869
10.888	13.691
11.037	12.666
12.367	13.132
12.217	10.678
10.127	12.569
13.252	9.206
12.129	9.484
11.833	8.168
14.024	10.894
11.761	10.699
11.628	10.854
12.491	8.548
13.344	10.533
11.559	10.667
12.252	10.738
12.636	11.344
12.393	8.135
11.506	8.659
12.664	7.262
12.546	8.271
11.087	9.557
11.220	8.720
11.824	8.005
12.245	6.361
13.590	7.342
13.401	8.361
11.558	8.955
13.520	7.909
12.435	8.523
13.199	5.813
11.793	9.689
13.259	8.326
13.225	7.197
12.635	7.366
13.693	7.315
14.059	6.987
13.344	6.372
11.496	5.795
10.717	7.828
14.259	6.415
12.754	6.482
12.867	5.317
11.580	4.994
12.669	4.633
11.268	4.889
9.560	4.670
12.469	4.956
12.599	3.518
10.943	2.206
10.407	4.888
11.118	7.337
11.228	4.419
8.545	7.910
10.533	7.847
9.337	8.319
8.714	9.578
9.212	8.287
9.889	4.888
7.777	7.968
9.075	7.846
9.935	7.542
9.623	8.590
10.635	9.108
10.209	8.229
10.230	7.984
10.348	9.185
10.348	10.147
10.150	7.344
12.741	7.536
9.112	8.733
10.993	8.254
9.200	7.774
9.203	9.939
9.682	11.397
9.647	10.885
9.164	10.685
9.224	10.475
8.074	11.646
11.775	8.634
10.544	8.899
8.443	10.134
9.763	8.014
9.621	6.294
8.145	10.162
8.338	10.219
7.738	10.957
6.561	12.266
4.937	10.996
6.933	15.570
7.575	15.380
4.183	16.604
6.000	18.106
7.510	15.399
6.334	16.244
5.563	18.110
7.323	17.578
6.968	17.621
6.759	18.537
7.345	17.680
6.727	18.353
6.111	19.405
5.309	21.094
5.164	19.506
6.693	19.533
4.356	20.325
5.723	20.645
6.422	19.923
4.343	18.906
4.497	20.547
5.800	19.554
4.406	20.685
4.525	21.910
4.748	21.163
2.800	21.411
2.173	23.030
2.867	23.030
3.882	22.035
1.988	21.915
1.445	21.334
1.624	21.696
1.562	21.121
3.630	21.608
2.319	21.612
2.453	21.264
2.829	21.994
2.465	21.340
0.289	20.827
1.328	21.323
1.030	22.446
-0.164	23.848
0.214	22.413
0.408	23.351
1.454	22.561
0.773	24.232
0.937	23.042
0.361	22.346
0.287	21.188
1.218	19.862
1.991	20.374
-0.103	19.751
0.053	18.991
1.452	19.070
0.658	18.315
0.815	18.448
1.151	19.844
1.250	17.836
3.143	17.146
3.519	15.407
2.436	16.919
2.446	17.647
2.313	15.588
2.745	17.824
2.609	17.272
2.468	15.996
-1.415	17.495
1.024	17.393
1.820	16.164
1.527	19.308
0.922	17.941
2.283	16.657
1.842	16.841
1.745	18.788
1.354	16.754
0.949	16.728
1.694	16.614
2.207	17.484
-0.832	17.385
-0.107	19.616
1.855	18.680
0.129	20.336
0.711	20.430
0.170	19.058
1.263	18.578
1.701	17.215
1.758	17.482
0.626	17.464
2.729	17.565
1.726	17.757
0.797	17.350
1.210	16.738
0.647	17.660
0.409	19.971
0.697	19.119
0.578	19.042
0.165	20.989
0.104	19.784
2.066	19.502
2.436	19.771
1.504	17.724
1.832	17.808
0.806	19.433
0.586	17.429
2.376	20.173
1.379	18.537
-0.034	20.000
0.674	17.556
2.543	18.385
2.594	19.649
0.965	19.900
1.341	18.788
1.899	20.545
-0.848	20.883
1.975	17.303
0.329	17.550
-1.575	19.819
0.837	17.707
0.331	19.427
-0.440	18.251
0.682	18.899
-0.004	18.367
0.470	15.909
1.146	18.483
0.623	17.359
0.707	18.305
2.011	16.123
1.637	17.112
0.802	18.645
0.870	20.551
1.581	15.488
1.573	16.951
1.655	15.683
1.520	16.772
2.119	15.710
0.239	17.207
1.913	17.646
1.465	16.541
3.507	16.248
2.503	17.118
2.591	17.940
1.571	14.617
-0.007	18.634
-0.681	17.723
0.050	17.179
-0.035	17.400
-0.083	15.796
0.572	17.700
-0.680	16.237
-0.637	16.119
0.098	19.169
0.518	16.695
-1.426	16.731
1.082	17.391
0.571	16.044
0.415	14.511
-0.551	13.970
0.383	13.516
1.057	13.667
-1.055	14.442
-0.334	13.627
0.442	16.699
-0.528	18.143
-1.647	17.564
-2.327	16.715
-1.735	17.780
-1.749	14.855
0.356	12.646
-0.275	11.195
1.619	10.905
1.077	11.253
1.654	10.931
2.212	10.981
0.255	10.801
-0.155	11.179
-0.206	12.242
0.195	13.623
0.805	12.971
2.593	11.836
2.698	12.015
0.386	13.733
0.424	13.312
-1.007	11.947
0.348	12.865
0.185	12.797
1.650	11.187
1.997	10.353
1.452	11.185
-0.598	12.249
0.628	12.236
-1.339	13.140
0.262	13.509
-1.885	15.897
1.835	10.900
-0.390	11.468
1.534	12.849
2.439	10.221
3.500	8.976
4.924	6.763
5.419	4.176
3.733	6.876
3.157	8.698
3.762	5.502
2.693	8.002
3.080	8.095
3.833	6.606
0.733	9.606
2.191	8.210
2.802	9.238
1.651	13.008
1.806	11.861
-0.312	13.666
3.472	10.165
2.685	9.569
1.550	8.309
3.326	10.692
4.252	8.939
1.811	10.847
2.122	8.405
-0.681	14.099
-0.107	10.346
0.719	10.240
2.451	7.129
0.547	8.411
1.216	12.936
2.326	12.344
3.573	10.592
3.257	8.790
-0.632	12.871
1.481	9.289
-0.248	9.492
0.937	10.961
2.317	11.226
1.752	10.777
1.065	10.818
0.727	10.584
0.050	12.315
0.797	10.204
1.111	11.562
2.402	7.313
3.630	8.221
1.191	12.135
2.567	9.315
3.998	7.522
2.000	6.346
2.684	8.392
1.839	8.919
2.067	9.076
1.289	9.542
1.671	10.940
-0.729	10.296
0.609	9.555
-0.374	12.567
1.669	11.467
0.848	10.037
1.039	12.053
1.960	8.924
1.618	11.680
3.186	7.085
2.681	7.942
4.505	5.328
3.701	5.810
4.437	3.659
3.955	9.865
4.639	7.479
4.904	8.235
2.767	9.158
5.580	4.598
3.341	6.447
3.854	5.995
6.120	4.317
4.634	6.046
3.032	8.060
2.486	9.244
5.343	3.973
6.973	2.089
7.729	1.221
6.831	1.396
7.991	1.200
7.793	0.938
7.908	1.983
7.269	-0.781
4.657	1.000
4.494	2.897
6.789	5.335
7.375	2.157
6.465	2.966
3.879	0.929
3.525	2.010
3.875	5.450
8.193	0.537
7.078	0.351
6.296	-4.474
8.217	-4.246
6.733	-4.389
7.131	-5.331
7.480	-1.805
9.093	-4.146
5.744	-0.992
6.905	-3.274
9.333	-10.022
9.492	-6.117
11.470	-11.419
11.630	-8.972
15.089	-15.252
15.385	-15.044
15.244	-15.025
15.293	-14.179
18.007	-18.542
18.151	-18.648
16.776	-16.870
17.402	-16.788
20.759	-19.494
21.786	-21.000
21.325	-24.599
26.949	-29.346
32.393	-35.303
33.210	-35.968
32.148	-35.367
34.129	-37.579
33.641	-35.543
29.898	-37.901
30.716	-38.077
30.139	-35.551
27.916	-33.475
32.046	-33.917
29.104	-32.314
23.308	-28.178
21.439	-29.139
24.633	-28.738
24.588	-30.891
30.014	-33.820
30.351	-34.874
26.600	-34.452
27.304	-34.678
26.381	-30.533
23.652	-26.341
18.720	-23.406
19.063	-26.869
15.529	-19.814
15.054	-20.938
12.769	-19.721
11.131	-15.842
8.981	-12.211
7.097	-11.972
6.467	-9.085
4.288	-3.674
5.363	0.665
4.984	-3.779
4.260	-2.680
4.039	-1.195
2.422	4.274
3.137	2.382
4.415	1.569
5.331	0.362
6.745	0.449
8.456	-1.761
8.367	-1.735
7.894	0.316
8.503	-1.239
6.082	0.832
5.877	-0.975
5.648	-0.629
2.813	0.528
7.133	-2.839
3.735	-3.827
6.612	-3.913
5.079	-2.882
6.850	-5.879
7.043	-5.348
7.226	-3.009
5.590	-2.907
6.526	-2.344
7.840	-3.857
8.815	-3.729
10.529	-5.313
7.939	-5.703
7.366	-3.135
6.987	-2.847
7.134	-2.084
8.060	-5.729
7.652	-5.922
8.264	-6.024
7.543	-3.166
8.688	-4.456
7.449	-4.599
7.481	-5.326
5.074	-4.886
7.447	-5.326
3.777	-4.959
7.193	-7.377
7.595	-5.971
5.489	-6.483
6.691	-7.006
8.955	-4.911
11.409	-3.692
9.653	-5.212
9.667	-3.214
8.937	-4.445
8.654	-4.144
9.164	-3.994
9.884	-5.665
8.501	-5.595
9.053	-3.383
9.328	-3.426
9.459	-5.469
11.310	-4.786
10.138	-6.200
9.515	-3.697
9.337	-5.701
9.662	-6.118
8.025	-5.663
8.367	-4.155
8.573	-5.437
8.603	-6.310
8.700	-6.261
8.274	-6.162
7.524	-7.503
8.133	-5.776
9.594	-8.019
7.251	-8.547
9.425	-7.669
9.102	-6.392
8.579	-5.613
9.751	-4.034
7.688	-6.329
10.236	-7.246
8.873	-7.963
10.640	-7.363
9.588	-5.959
7.112	-5.937
9.450	-4.317
9.387	-4.083
8.700	-3.716
9.142	-3.419
8.302	-4.320
7.715	-4.233
7.059	-4.309
6.363	-5.804
8.605	-6.107
10.773	-5.516
11.459	-6.102
11.287	-5.804
9.467	-8.074
8.658	-6.604
9.062	-5.826
10.768	-8.223
8.173	-6.817
8.642	-7.143
7.959	-6.495
9.668	-8.020
9.970	-6.394
9.453	-5.538
7.610	-2.866
6.642	-4.590
6.422	-4.956
6.865	-3.963
5.173	-4.897
7.245	-6.606
5.669	-2.647
6.047	-1.118
4.709	-0.090
2.739	-0.827
7.988	-4.890
7.324	-5.154
6.121	-2.248
5.939	-4.548
5.443	-6.419
4.236	-1.294
5.450	-3.208
4.673	-0.826
3.946	-4.117
4.382	-1.711
5.927	-3.460
5.905	-2.138
5.049	-0.767
2.845	-3.426
3.841	-4.048
5.797	-2.946
6.652	-2.208
4.972	-1.466
5.965	-0.791
6.416	-0.874
5.126	-0.449
5.041	-2.404
4.926	-4.277
4.657	-1.435
5.452	-2.625
5.043	0.820
3.490	1.301
5.074	-1.439
5.145	-0.079
5.130	-0.498
4.935	0.154
6.738	-1.275
6.394	-2.663
4.672	-1.980
4.795	-0.492
5.082	-4.186
7.943	-4.424
6.552	-3.758
5.993	-2.502
5.155	-3.542
2.153	-4.154
3.096	-4.277
3.029	-2.216
3.147	-1.579
3.061	-1.486
1.461	-1.023
5.257	-1.392
1.797	-2.675
1.825	-1.825
5.358	-3.849
4.249	-2.866
4.057	-4.025
4.170	-2.428
7.551	-6.027
4.621	-3.691
6.004	-5.699
5.507	-4.095
5.682	-3.991
4.150	-1.996
6.856	-6.031
3.079	-3.686
5.074	-7.655
6.155	-9.608
0.658	-10.534
1.125	-8.326
0.936	-9.153
-0.250	-9.115
-0.072	-10.466
2.288	-12.894
-0.764	-9.741
1.048	-13.370
0.902	-12.245
3.130	-10.531
3.114	-13.369
-0.695	-12.496
-0.333	-14.598
1.155	-14.118
-2.654	-12.241
-0.641	-10.165
-0.860	-9.991
-1.756	-10.461
-3.310	-9.507
-2.767	-7.359
-4.703	-9.668
-2.152	-11.922
-5.692	-8.911
-4.139	-10.866
-5.384	-9.180
-4.425	-9.780
-5.281	-12.287
-5.922	-13.771
-4.612	-11.884
-6.697	-11.453
-8.568	-13.217
-6.868	-11.830
-7.024	-12.364
-6.090	-15.765
-4.378	-13.242
-3.624	-11.892
0.615	-15.672
-2.238	-16.713
-0.164	-17.753
-1.290	-14.288
-4.070	-14.371
-3.912	-14.913
-3.692	-16.362
-5.846	-15.396
-5.105	-15.230
-5.171	-14.514
-3.897	-17.616
-5.522	-15.920
-6.690	-15.067
-8.344	-13.990
-11.236	-10.974
-9.801	-10.148
-7.068	-14.072
-8.330	-12.426
-10.079	-10.528
-9.473	-15.531
-8.553	-18.144
-7.399	-15.609
-4.535	-17.393
-5.716	-12.645
-4.840	-13.003
-6.785	-12.489
-5.949	-11.599
-8.650	-8.062
-7.561	-10.171
-6.441	-8.810
-7.587	-10.548
-9.900	-7.202
-11.441	-7.459
-13.814	-7.632
-12.571	-4.438
-9.356	-6.547
-11.476	-2.793
-9.004	-4.424
-8.916	-4.420
-9.508	-4.484
-10.521	-5.685
-8.235	-7.172
-8.329	-8.285
-9.028	-8.313
-10.097	-10.397
-9.559	-8.725
-8.990	-9.161
-9.299	-6.187
-9.463	-5.753
-7.819	-4.414
-9.637	-4.293
-10.826	-3.135
-11.382	-5.854
-10.886	-5.810
-9.559	-3.879
-9.992	-4.305
-10.572	-2.491
-9.538	-4.723
-10.113	-5.334
-9.863	-2.852
-8.942	-5.440
-9.640	-2.802
-11.376	-0.178
-12.004	2.155
-11.134	-3.278
-9.689	-2.682
-9.625	-1.678
-10.212	-3.538
-11.515	-3.823
-10.641	-2.148
-12.380	-1.066
-12.532	-0.177
-10.240	-1.512
-11.028	-1.594
-12.251	-3.138
-12.263	-1.612
-12.694	-2.624
-14.931	0.309
-12.795	1.171
-13.429	-2.718
-12.506	-1.136
-11.757	0.450
-10.781	-5.146
-10.448	-4.869
-10.367	-5.460
-10.800	-4.086
-10.374	-3.513
-10.402	-4.739
-9.758	-3.202
-12.436	-5.286
-8.858	-4.239
-8.370	-6.857
-10.631	-3.334
-9.607	-3.707
-10.432	-4.288
-11.208	-4.587
-8.312	-5.244
-7.773	-4.439
-7.566	-5.012
-8.001	-6.824
-7.318	-7.341
-8.015	-6.102
-6.303	-8.938
-7.948	-9.130
-9.680	-9.979
-10.013	-8.890
-11.064	-8.511
-11.340	-6.421
-11.256	-3.942
-10.119	-6.778
-12.019	-4.885
-11.530	-1.027
-10.746	-0.370
-10.172	-5.237
-13.201	-2.883
-13.008	-5.252
-13.607	-3.555
-11.986	-3.065
-12.019	-3.575
-13.038	-5.196
-13.655	-1.459
-14.955	-5.598
-15.302	-2.884
-14.822	-1.081
-13.221	-2.486
-14.340	-3.197
-14.128	-0.581
-15.228	0.194
-14.075	-0.470
-15.158	-3.675
-13.859	-1.673
-10.677	-4.086
-9.540	-4.549
-11.316	-6.013
-9.770	-8.123
-9.007	-8.709
-7.410	-6.010
-11.455	-4.123
-11.244	-1.303
-10.018	-4.370
-12.632	-3.236
-9.715	-2.010
-11.040	-2.299
-10.930	-0.846
-11.745	-1.811
-7.681	-1.773
-8.605	-3.294
-10.269	-0.997
-10.455	-1.650
-11.310	0.729
-10.641	0.826
-11.129	-0.797
-9.830	-0.566
-10.368	-1.033
-8.395	-1.523
-10.763	0.168
-9.986	1.346
-13.069	-1.970
-9.557	-1.040
-10.377	-2.164
-11.157	-1.012
-11.247	-1.787
-9.185	-2.813
-8.292	-3.015
-9.308	-3.872
-8.261	-0.984
-7.871	0.833
-8.613	0.683
-7.463	-1.064
-10.723	0.387
-9.577	1.136
-13.709	2.217
-10.258	-0.051
-10.256	0.348
-9.718	-2.488
-9.072	-0.416
-9.302	-0.805
-10.453	1.100
-10.487	2.503
-10.496	-2.048
-9.184	-3.407
-11.691	-5.070
-8.439	-6.297
-10.042	-4.812
-10.820	-0.758
-10.178	1.012
-10.083	-0.067
-10.690	1.291
-10.341	0.906
-11.495	2.774
-9.101	1.565
-9.447	0.912
-11.142	-1.388
-9.270	0.330
-10.540	1.012
-8.273	2.846
-9.447	0.166
-11.499	1.140
-10.473	2.594
-9.263	-0.935
-10.860	1.971
-10.507	-0.549
-8.806	-0.957
-9.705	-1.731
-9.916	-2.283
-9.567	0.412
-9.138	-0.205
-11.670	0.560
-8.327	-1.235
-11.236	0.155
-11.593	1.657
-11.591	1.471
-10.377	-1.161
-9.698	-0.695
-10.534	-0.643
-5.978	-3.610
-7.649	-3.277
-8.747	-1.770
-7.690	-1.686
-9.570	-1.042
-8.958	-1.808
-9.603	-0.532
-9.945	-2.555
-11.020	1.295
-12.909	3.362
-10.140	0.377
-9.171	-1.384
-9.658	0.677
-10.933	1.733
-10.979	2.226
-11.354	0.864
-10.378	-1.173
-12.709	-0.983
-12.619	0.024
-12.208	-4.655
-12.887	-4.299
-11.097	-4.507
-10.845	-3.111
-12.335	-6.270
-14.148	-2.892
-13.350	-1.529
-13.947	-0.798
-13.261	-0.261
-11.486	-1.879
-12.961	-5.403
-10.403	-7.200
-10.282	-6.834
-9.854	-7.502
-11.811	-9.137
-13.658	-6.821
-13.854	-4.101
-14.983	-3.701
-15.669	-3.153
-14.524	-2.170
-12.163	-3.482
-13.432	-3.212
-14.904	-4.435
-12.465	-2.574
-11.776	-5.163
-10.289	-7.599
-11.678	-4.019
-11.771	-0.947
-13.030	0.552
-12.381	-0.044
-11.039	-3.656
-12.565	-7.073
-10.840	-9.640
-9.842	-7.541
-9.938	-7.762
-11.954	-4.903
-13.278	-4.125
-13.520	-2.549
-11.481	-7.056
-13.161	-3.642
-13.799	2.327
-13.921	1.856
-12.964	-2.494
-12.937	-0.978
-13.527	-4.399
-10.984	-5.927
-13.377	-0.505
-12.477	-5.238
-13.298	-3.781
-11.676	-4.746
-14.404	-2.047
-12.899	-1.454
-14.540	-2.744
-13.827	-0.888
-14.744	-1.490
-13.294	1.849
-15.706	0.150
-14.863	3.016
-12.793	-1.112
-13.323	0.513
-13.488	-0.905
-11.011	-1.246
-11.860	0.333
-10.720	0.912
-12.128	0.127
-12.967	2.715
-11.024	1.761
-13.641	2.132
-14.153	4.818
-13.634	3.619
-13.482	1.882
-11.815	2.394
-11.361	1.020
-12.361	-0.466
-12.769	0.509
-11.830	0.681
-12.683	0.164
-12.730	0.020
-12.704	1.737
-12.880	-0.186
-13.152	0.878
-12.890	0.503
-11.763	1.857
-11.188	0.302
-12.081	-0.790
-11.217	-0.578
-11.363	-3.668
-9.281	-3.294
-11.707	-2.018
-11.884	-0.890
-11.551	1.012
-12.027	2.010
-12.431	2.822
-12.578	2.309
-13.613	2.685
-12.917	4.311
-12.477	1.315
-13.171	-0.024
-13.202	0.114
-12.146	-0.749
-11.912	0.168
-13.292	-0.631
-12.872	-1.396
-13.774	-1.189
-12.474	-0.495
-12.691	0.485
-10.890	-2.033
-11.482	-2.369
-11.565	-0.782
-11.788	-1.529
-10.537	-2.385
-12.597	2.421
-14.051	4.303
-13.655	4.575
-15.120	3.173
-14.948	1.097
-13.554	0.867
-12.833	0.977
-14.379	1.186
-14.048	0.894
-12.927	0.165
-13.282	-0.746
-12.180	-1.107
-12.889	-2.790
-13.386	1.206
-13.680	-0.208
-14.641	-1.988
-12.352	-2.458
-11.724	-4.935
-9.310	-1.668
-12.442	-0.786
-12.098	-0.260
-13.973	-0.051
-11.205	-2.061
-12.779	-0.148
-12.267	-4.339
-9.667	-8.821
-11.854	-9.709
-12.216	-6.084
-12.963	-5.581
-12.885	-2.412
-12.203	-3.023
-13.204	-0.443
-15.027	-0.235
-12.960	-4.336
-11.898	-1.958
-12.643	-2.278
-11.811	-3.982
-12.051	-4.356
-13.341	-4.019
-12.992	-2.684
-12.243	-1.706
-12.399	-2.279
-12.116	-2.094
-11.492	0.303
-13.126	0.555
-11.800	-3.777
-12.193	-3.180
-11.946	-3.113
-12.293	-3.098
-11.209	-1.897
-11.325	-1.552
-12.036	-1.839
-12.196	-1.915
-12.117	-2.867
-14.089	-1.600
-13.002	-0.720
-13.985	-2.455
-15.041	-0.299
-13.542	-2.820
-13.376	-2.155
-12.364	-2.087
-14.748	0.327
-12.887	-1.931
-13.264	-0.434
-13.873	-3.985
-14.915	-0.476
-12.738	-4.059
-15.125	-2.753
-16.508	1.325
-12.637	-4.576
-14.035	-3.641
-13.223	-3.119
-14.148	-0.245
-15.971	-2.284
-14.331	-1.859
-13.038	-0.898
-13.975	0.048
-13.664	-1.291
-14.739	-0.112
-14.120	0.471
-15.308	0.579
-14.032	0.943
-15.811	2.444
-15.190	-0.129
-14.316	-0.501
-14.209	-0.825
-14.752	-0.896
-15.000	0.069
-15.403	0.822
-14.904	-0.153
-16.390	0.581
-14.548	-1.935
-15.770	-0.239
-14.563	-1.375
-13.501	-2.603
-15.725	-3.516
-13.354	-6.980
-13.535	-4.256
-14.866	-5.405
-14.969	-5.038
-14.920	-4.668
-14.853	-5.300
-13.126	-4.442
-16.373	-0.949
-17.919	-0.750
-16.439	1.936
-17.945	-0.784
-15.707	-1.358
-16.484	-0.462
-14.556	-1.440
-15.080	-2.250
-15.246	-1.693
-12.370	-2.801
-15.355	-2.520
-13.400	-3.239
-14.412	-6.350
-14.726	-0.588
-14.265	-3.359
-13.217	-1.921
-13.976	-2.736
-15.272	-1.718
-16.043	-3.360
-13.242	-3.796
-15.689	0.105
-15.473	-1.299
-15.525	-1.848
-16.387	-0.298
-14.590	1.092
-16.556	2.014
-17.717	1.480
-14.441	-2.020
-12.873	-3.799
-11.071	-0.911
-12.568	-4.781
-11.963	-6.562
-10.565	-9.115
-11.814	-8.393
-12.327	-4.794
-14.523	-5.516
-12.430	-9.538
-13.271	-6.986
-12.292	-6.413
-12.249	-7.184
-16.316	-3.379
-13.034	-8.213
-11.833	-9.269
-11.565	-9.349
-9.830	-8.104
-12.536	-9.345
-13.497	-8.419
-14.194	-6.950
-13.972	-4.790
-13.194	-6.590
-11.875	-4.560
-9.110	-10.585
-14.558	-1.674
-13.303	-4.004
-14.211	-4.945
-12.550	-4.854
-14.629	-5.132
-13.793	-2.290
-13.327	-1.766
-13.618	-4.161
-15.619	-2.190
-16.072	-1.773
-13.178	-2.552
-12.894	-5.444
-12.956	-7.703
-11.417	-8.313
-12.222	-5.812
-13.774	-3.281
-12.750	-3.868
-12.459	-2.472
-14.163	-5.250
-13.957	-5.553
-14.744	-5.006
-11.491	-9.070
-10.968	-10.267
-11.828	-7.610
-12.075	-9.846
-11.962	-10.216
-12.627	-7.719
-11.527	-6.264
-13.914	-5.465
-12.370	-6.763
-11.024	-4.996
-11.113	-9.043
-13.277	-4.617
-12.079	-7.407
-12.164	-8.914
-14.095	-4.786
-10.339	-8.333
-7.903	-10.515
-6.910	-11.404
-9.287	-10.240
-8.557	-9.693
-9.708	-5.394
-7.749	-8.786
-10.105	-10.449
-10.673	-5.774
-11.855	-4.838
-12.339	-5.158
-12.634	-4.435
-13.273	-3.626
-12.955	-4.751
-14.717	-6.037
-12.173	-6.127
-12.677	-6.598
-11.821	-6.119
-12.821	-5.386
-9.498	-6.456
-11.102	-9.315
-11.400	-6.931
-14.201	-2.443
-11.510	-4.991
-12.535	-0.527
-14.863	-0.872
-12.692	0.750
-13.646	-3.357
-15.074	-1.030
-14.570	-1.976
-15.000	-2.879
-13.984	-5.109
-14.014	-4.889
-12.983	-4.166
-14.448	-3.301
-13.889	-3.591
-12.728	-8.172
-10.981	-8.164
-12.631	-6.011
-11.561	-6.293
-13.653	-5.875
-12.929	-3.267
-11.424	-4.529
-12.710	-4.317
-15.089	-3.053
-12.990	-3.136
-12.209	-2.301
-13.796	-0.809
-13.811	-2.868
-14.419	-3.730
-14.112	-3.167
-11.866	-5.499
-10.142	-8.373
-12.443	-6.488
-10.849	-8.395
-10.798	-6.637
-11.586	-5.902
-10.648	-8.995
-13.016	-6.607
-8.842	-9.980
-10.059	-9.637
-13.266	-5.860
-13.523	-7.273
-13.833	-4.393
-11.800	-8.887
-10.803	-9.347
-9.553	-8.355
-12.893	-6.198
-11.466	-8.439
-12.400	-7.786
-13.477	-4.824
-12.667	-7.181
-11.433	-9.579
-11.943	-7.254
-11.962	-6.589
-9.649	-10.020
-9.491	-9.373
-10.425	-6.340
-12.714	-5.447
-12.295	-5.716
-12.694	-7.769
-10.595	-8.858
-10.230	-9.142
-11.873	-7.650
-11.997	-9.443
-10.322	-9.715
-9.776	-9.305
-11.217	-10.344
-11.745	-7.780
-9.628	-9.538
-15.145	-0.770
-14.956	-2.984
-14.893	-2.171
-13.190	-2.858
-12.108	-6.604
-12.723	-6.741
-16.511	2.258
-14.871	0.141
-14.451	-1.001
-15.390	1.091
-15.762	0.133
-15.955	1.213
-16.205	2.528
-16.624	2.482
-15.223	2.878
-15.497	-3.483
-13.878	-5.156
-16.099	-1.528
-15.774	-0.234
-16.251	-1.379
-15.356	-1.182
-16.571	0.786
-16.163	-1.919
-14.386	-3.079
-15.564	-2.162
-15.365	-4.003
-14.956	-4.116
-15.477	-2.540
-15.841	-5.119
-13.223	-7.609
-14.146	-5.464
-14.810	-6.525
-15.775	-4.858
-12.211	-7.700
-12.383	-7.308
-11.464	-7.409
-12.459	-4.696
-11.637	-6.615
-11.968	-5.073
-13.663	-3.890
-13.963	-4.533
-11.251	-6.996
-10.679	-4.750
-12.207	-5.309
-9.925	-6.378
-13.964	-4.241
-11.682	-5.536
-12.662	-6.242
-12.872	-4.719
-13.773	-2.107
-13.649	-4.503
-12.095	-5.955
-12.779	-4.983
-13.696	-4.307
-13.722	-3.787
-13.713	-3.291
-13.526	-3.986
-11.992	-5.764
-12.220	-4.156
-10.552	-5.656
-12.022	-7.504
-12.692	-7.467
-10.929	-7.820
-12.838	-11.019
-12.579	-7.170
-13.339	-3.024
-14.036	-4.751
-15.504	-2.074
-16.058	-2.269
-15.386	-0.001
-14.525	0.946
-15.389	-3.886
-13.536	-5.766
-14.860	-3.364
-15.053	-3.293
-14.094	-3.160
-16.089	1.233
-15.960	2.284
-14.232	1.620
-14.190	-0.432
-15.055	0.955
-13.314	-1.299
-15.883	1.720
-13.469	3.212
-14.675	1.925
-15.885	4.445
-15.119	5.497
-13.480	4.121
-14.671	2.169
-13.626	3.008
-12.392	3.874
-11.870	4.477
-11.227	1.730
-14.735	2.977
-14.190	4.719
-13.180	4.372
-14.251	4.953
-13.890	5.528
-14.031	5.683
-12.593	3.597
-13.424	4.262
-13.901	5.114
-15.103	4.568
-13.064	4.676
-12.832	3.983
-14.887	5.924
-15.202	5.110
-15.658	6.914
-13.700	4.942
-15.111	6.317
-14.054	3.531
-14.486	4.359
-13.902	5.337
-15.114	5.780
-15.398	5.615
-14.451	3.138
-14.133	4.642
-14.524	5.339
-14.340	7.808
-15.575	6.729
-15.659	4.430
-16.176	5.674
-16.242	5.948
-16.659	5.120
-15.292	6.122
-15.184	4.310
-14.446	6.104
-14.394	6.642
-14.552	4.886
-13.687	6.570
-15.647	4.170
-16.745	5.861
